position: 
  x: 0.449557803712
  y: 0.160312438862
  z: 0.230015409598
orientation: 
  x: 0.642155464333
  y: 0.766574403938
  z: 0.000132613960205
  w: 0.000158958870837