position: 
  x: 0.394131491218
  y: 0.625490358776
  z: 0.202707958646
orientation: 
  x: 0.0460347938858
  y: 0.998637017422
  z: 0.0179658116785
  w: 0.0167968686606