position: 
  x: 0.388148646354
  y: 0.593692167022
  z: 0.208170949794
orientation: 
  x: 0.9996848624
  y: 0.0203517648558
  z: -0.00572699075363
  w: -0.013534516367