position: 
  x: 0.654678571673
  y: 0.40903244293
  z: 0.709716351582
orientation: 
  x: 0.725548745932
  y: -0.475834276267
  z: -0.289713365255
  w: -0.404013520565