position: 
  x: 0.449557803814
  y: 0.160312438613
  z: 0.230015409574
orientation: 
  x: 0.642155464574
  y: 0.766574403736
  z: 0.000132613926129
  w: 0.000158958974895