position: 
  x: 0.733198588653
  y: 0.280503199412
  z: 0.170461157005
orientation: 
  x: 0.670201538356
  y: 0.7416999201
  z: -0.0243863418376
  w: -0.0107904050021