position: 
  x: 0.106438129037
  y: 0.467595717088
  z: 0.358625284794
orientation: 
  x: 0.999793774994
  y: 0.0180305063569
  z: 0.00649657447913
  w: -0.00671586513301