position: 
  x: 0.598964323245
  y: -0.0994920315941
  z: 0.108404296745
orientation: 
  x: -0.00175953644814
  y: 0.999997390577
  z: -0.00104741747011
  w: 0.00101281203052